%YAML:1.0
---
image_width: 1024
image_height: 768
camera_matrix: !!opencv-matrix
   rows: 3
   cols: 3
   dt: d
   data: [ 2.3522188070453594e+03, 0., 512., 0., 2.3845731931218147e+03,
       384., 0., 0., 1. ]
RT_matrix: !!opencv-matrix
   rows: 4
   cols: 4
   dt: d
   data: [ 9.9999899593699437e-01, -8.1257939992581546e-11,
       -1.0020288870202312e-03, 1.0149780447945948e-06,
       5.7462570302097471e-04, -8.1923221687702996e-01,
       5.7346157602165060e-01, 4.0961811427135099e-02,
       -8.2089443404668322e-04, -5.7346215181371574e-01,
       -8.1923139431622116e-01, 6.3900096833081399e-01, 0., 0., 0., 1. ]
