%YAML:1.0
---
calibration_time: "Fri Aug  9 11:32:28 2019"
image_width: 2448
image_height: 2048
flags: 16384
camera_matrix: !!opencv-matrix
   rows: 3
   cols: 3
   dt: d
   data: [ 4.8174104144245466e+03, 0., 1.2005796366012803e+03, 0.,
       4.8282367342955204e+03, 9.6116048534312358e+02, 0., 0., 1. ]
distortion_coefficients: !!opencv-matrix
   rows: 1
   cols: 14
   dt: d
   data: [ 1.6795634018117514e+01, 1.3013263670289990e+02,
       -4.0143130480833336e-03, 2.8245443885828659e-04,
       1.6474629320255261e+00, 1.9577384069329646e+01,
       -1.2948665352623090e+02, -1.6403525811177699e+00, 0., 0., 0., 0.,
       0., 0. ]
avg_reprojection_error: 3.7750509575499397e-01
