%YAML:1.0
---
calibration_time: "Fri Nov 15 16:52:04 2019"
nframes: 101
image_width: 4096
image_height: 3000
board_width: 11
board_height: 8
square_size: 1.4239999771118164e+01
flags: 0
camera_matrix: !!opencv-matrix
   rows: 3
   cols: 3
   dt: d
   data: [ 4.8630665672974765e+03, 0., 2.0741491327876070e+03, 0.,
       4.8752465765509296e+03, 1.2757031788361642e+03, 0., 0., 1. ]
distortion_coefficients: !!opencv-matrix
   rows: 5
   cols: 1
   dt: d
   data: [ -1.2351811427535571e-01, 4.5009070225378811e-02,
       -1.0164209048118062e-02, -5.9439586894790251e-04,
       5.1771007274087200e-01 ]
avg_reprojection_error: 5.5817310356060446e-01
per_view_reprojection_errors: !!opencv-matrix
   rows: 101
   cols: 1
   dt: f
   data: [ 1.66301465e+00, 5.95957041e-01, 5.66803694e-01,
       4.54134017e-01, 4.53619629e-01, 4.22977090e-01, 4.53249335e-01,
       3.92341673e-01, 4.29752737e-01, 4.85934347e-01, 3.50841135e-01,
       3.65240991e-01, 3.67993295e-01, 3.71334076e-01, 3.95419270e-01,
       4.06731218e-01, 4.35572803e-01, 4.54793841e-01, 3.94643337e-01,
       4.39731896e-01, 5.10911703e-01, 4.95865315e-01, 5.99137545e-01,
       7.18629122e-01, 7.77532756e-01, 3.53035629e-01, 3.76897752e-01,
       3.62605989e-01, 3.63647610e-01, 3.36649835e-01, 3.45883638e-01,
       3.88412744e-01, 4.04481113e-01, 3.50929201e-01, 3.46466899e-01,
       3.48795384e-01, 3.31141233e-01, 3.58168840e-01, 3.66713673e-01,
       4.07900751e-01, 3.65468323e-01, 5.99124312e-01, 6.23459935e-01,
       1.19455338e+00, 6.75482810e-01, 7.16587305e-01, 6.40223026e-01,
       6.15413070e-01, 5.98783016e-01, 5.62014937e-01, 5.92262924e-01,
       5.66221118e-01, 6.13336444e-01, 5.25315523e-01, 5.18277347e-01,
       5.09361625e-01, 5.19942522e-01, 5.35172522e-01, 5.65634727e-01,
       5.39736986e-01, 5.67703247e-01, 6.27364039e-01, 6.72725558e-01,
       6.24578595e-01, 3.97155017e-01, 4.62225705e-01, 4.88516361e-01,
       5.90040982e-01, 6.44345582e-01, 7.45326877e-01, 5.31844378e-01,
       1.45821571e+00, 4.71122563e-01, 3.99993956e-01, 3.54489386e-01,
       3.09398532e-01, 3.21798563e-01, 3.41744661e-01, 3.61843973e-01,
       4.15202260e-01, 3.53015006e-01, 4.05676395e-01, 4.29723591e-01,
       3.53787005e-01, 3.04937333e-01, 2.75711298e-01, 2.93845206e-01,
       2.91166127e-01, 3.27245295e-01, 3.46177369e-01, 3.27527285e-01,
       3.73101741e-01, 7.37281919e-01, 7.58160651e-01, 7.39252985e-01,
       7.58924723e-01, 7.30305970e-01, 6.76729798e-01, 7.66307175e-01,
       7.09413052e-01, 7.54368365e-01 ]
extrinsic_parameters: !!opencv-matrix
   rows: 101
   cols: 6
   dt: d
   data: [ -3.9456963392614181e-01, -1.8888070263617092e+00,
       -2.3187869708876914e+00, 4.1397799801800730e+01,
       9.3437135409725144e+01, 2.9465750309649519e+02,
       -2.5651507820284891e-01, -1.9438470662349832e+00,
       -2.3928380052161766e+00, 4.7069841603991030e+01,
       9.3382218364733419e+01, 2.9977667367335749e+02,
       1.1036382402175142e-01, 1.9584937552509398e+00,
       2.4176334762906211e+00, 5.1950966496743007e+01,
       9.3367554436149490e+01, 3.0555949326014525e+02,
       -3.0513630625326837e-01, -1.6719217880932187e+00,
       -2.4666342760969711e+00, 6.6635917259726668e+01,
       9.4863306064715530e+01, 2.9619054431063319e+02,
       -1.5119055755644875e-01, -1.7200157940509031e+00,
       -2.5325606361698001e+00, 7.2310914199508630e+01,
       9.4902306474159616e+01, 3.0467860570192511e+02,
       8.1507942310732398e-03, -1.7631639961779693e+00,
       -2.5916183470889758e+00, 7.6839178356377545e+01,
       9.4935020493736886e+01, 3.1371002732566768e+02,
       -1.6806659509152691e-01, 1.7317056325679463e+00,
       2.5407557584355427e+00, 8.0207200098600978e+01,
       9.4988022856368616e+01, 3.2322489368200644e+02,
       -3.2041336802669662e-01, 1.6878983953898352e+00,
       2.4718175061809577e+00, 8.2361193760457382e+01,
       9.5040273935207338e+01, 3.3309266008141537e+02,
       -4.6563411949010813e-01, 1.6399968157892237e+00,
       2.3968912386121768e+00, 8.3280304416886509e+01,
       9.5088012257329027e+01, 3.4312591056354000e+02,
       -6.0326504667928060e-01, 1.5884846553431364e+00,
       2.3170300404903306e+00, 8.2938329947797030e+01,
       9.5154858339109651e+01, 3.5319750679932832e+02,
       -9.7475228849576401e-01, -7.8393343401980717e-02,
       -3.0220177862898143e-02, -5.1361779207872885e+01,
       3.3348914250720640e+01, 3.9099974674192185e+02,
       -9.7440698203129827e-01, -1.3608863582092509e-01,
       -6.0182319349009090e-02, -5.4078824891938481e+01,
       3.3341010694558406e+01, 3.8757953079654817e+02,
       -9.7330176659247714e-01, -1.9423093216454998e-01,
       -9.0220782288436829e-02, -5.6586548653677852e+01,
       3.3310770647978387e+01, 3.8396252151538039e+02,
       -9.7161810173549845e-01, -2.5209661594620536e-01,
       -1.2029097686582461e-01, -5.8858792946900309e+01,
       3.3291327447124331e+01, 3.8022974122198900e+02,
       -9.6927057220586510e-01, -3.1006381768858882e-01,
       -1.5037613377464032e-01, -6.0894270156740127e+01,
       3.3258819268146148e+01, 3.7631862004667607e+02,
       -9.6627856862268158e-01, -3.6799340814720688e-01,
       -1.8039574973858549e-01, -6.2681106147224632e+01,
       3.3224867449223666e+01, 3.7232540835917905e+02,
       -9.6259442450941313e-01, -4.2573584596621877e-01,
       -2.1032955539054518e-01, -6.4206059978315835e+01,
       3.3180737774940354e+01, 3.6822577336082736e+02,
       -9.5833396549253580e-01, -4.8373528670148835e-01,
       -2.4045478023315456e-01, -6.5478092928656210e+01,
       3.3132536593902650e+01, 3.6398763172010257e+02,
       -9.5329399355359767e-01, -5.4157190174632353e-01,
       -2.7048613639131525e-01, -6.6478638947104088e+01,
       3.3082960466701010e+01, 3.5974378850538119e+02,
       -9.4754182005327414e-01, -5.9970635474276313e-01,
       -3.0058416563201379e-01, -6.7210776355679414e+01,
       3.3019001919322299e+01, 3.5539402466192394e+02,
       -9.4129658439316843e-01, -6.5764824047335091e-01,
       -3.3067456247100507e-01, -6.7668053680754966e+01,
       3.2964627295088640e+01, 3.5103927737393070e+02,
       -9.3425086487395137e-01, -7.1546695313819453e-01,
       -3.6073079684255782e-01, -6.7846310887400534e+01,
       3.2899454771807996e+01, 3.4665928391342669e+02,
       -9.1806023708634221e-01, -8.3080389025812429e-01,
       -4.2062964357941696e-01, -6.7374588860386709e+01,
       3.2746739141058953e+01, 3.3790143514401370e+02,
       -8.9906299087623753e-01, -9.4573243497627135e-01,
       -4.8029589915080156e-01, -6.5799430932124480e+01,
       3.2561687118395994e+01, 3.2924472491682519e+02,
       -8.8850177907576322e-01, -1.0029780296346573e+00,
       -5.1009627558845694e-01, -6.4614979198201382e+01,
       3.2479727781860852e+01, 3.2506033896569841e+02,
       -9.6312291366005265e-01, 2.6811372027093622e-01,
       1.4882730123240012e-01, -3.1155878602483206e+01,
       3.3328025867472526e+01, 4.0736242788720972e+02,
       -9.6661337766643496e-01, 2.1043668409001670e-01,
       1.1901018755772586e-01, -3.4925672212186299e+01,
       3.3342245133802493e+01, 4.0518855014594465e+02,
       -9.6949617695736567e-01, 1.5275171999705495e-01,
       8.9259878638082310e-02, -3.8550123167324102e+01,
       3.3352841283353072e+01, 4.0278502746190617e+02,
       -9.7182953205653488e-01, 9.4943417153137796e-02,
       5.9399549303635529e-02, -4.2023094582584832e+01,
       3.3357115828702561e+01, 4.0012083011203919e+02,
       -9.7344138558281079e-01, 3.7253344614402321e-02,
       2.9639445336303114e-02, -4.5316205079846497e+01,
       3.3358232865252432e+01, 3.9729263874470763e+02,
       -9.7442761979386217e-01, -2.0469378214565292e-02,
       -2.8761892164088564e-04, -4.8435776967678933e+01,
       3.3358130612568175e+01, 3.9423958651075236e+02,
