%YAML:1.0
---
calibration_time: "Mon Oct 28 13:23:27 2019"
nframes: 132
image_width: 4096
image_height: 3000
board_width: 12
board_height: 9
square_size: 1.4430000305175781e+01
flags: 0
camera_matrix: !!opencv-matrix
   rows: 3
   cols: 3
   dt: d
   data: [ 4.7005385335255014e+03, 0., 2.0822585425342895e+03, 0.,
       4.7077747211229034e+03, 1.5593598062134556e+03, 0., 0., 1. ]
distortion_coefficients: !!opencv-matrix
   rows: 5
   cols: 1
   dt: d
   data: [ -1.1968692829933995e-01, -6.3369098133422867e-03,
       3.3664124489652023e-03, -1.7574327993293622e-05,
       5.1846703830649277e-01 ]
avg_reprojection_error: 7.0782520796346782e-01
per_view_reprojection_errors: !!opencv-matrix
   rows: 132
   cols: 1
   dt: f
   data: [ 8.12578678e-01, 7.07033455e-01, 6.89199924e-01,
       6.66666627e-01, 7.08579957e-01, 7.02521086e-01, 6.61338627e-01,
       7.21540630e-01, 7.43721128e-01, 7.24141896e-01, 7.03348875e-01,
       8.69205952e-01, 7.53747284e-01, 7.92941928e-01, 7.54706979e-01,
       7.84808099e-01, 7.02928066e-01, 6.77966833e-01, 8.26891780e-01,
       6.82739317e-01, 7.15069830e-01, 6.80889249e-01, 6.89693272e-01,
       7.01025784e-01, 7.06665635e-01, 6.84008539e-01, 7.30700135e-01,
       7.44827330e-01, 8.38250458e-01, 8.15033138e-01, 1.03237581e+00,
       7.99453855e-01, 7.54007757e-01, 7.75061548e-01, 7.23248959e-01,
       7.21094012e-01, 4.76777583e-01, 6.12421155e-01, 6.63314223e-01,
       7.34979928e-01, 8.41450334e-01, 8.54428649e-01, 9.30498600e-01,
       9.20643926e-01, 4.70906228e-01, 7.23098159e-01, 6.84030771e-01,
       5.90561748e-01, 5.82576036e-01, 5.44039965e-01, 5.33195913e-01,
       4.94674206e-01, 4.93729144e-01, 4.65404421e-01, 4.97046381e-01,
       5.05752146e-01, 5.04884243e-01, 5.52636445e-01, 5.98801553e-01,
       7.17954099e-01, 1.54941237e+00, 5.99250197e-01, 6.05977416e-01,
       6.42269909e-01, 6.87845170e-01, 8.29428554e-01, 5.93328714e-01,
       5.54783463e-01, 5.69480181e-01, 7.52015650e-01, 7.79885292e-01,
       7.73179173e-01, 6.64648235e-01, 6.31160259e-01, 6.44609511e-01,
       8.11662197e-01, 6.15903914e-01, 6.82558000e-01, 6.57758892e-01,
       6.88271642e-01, 6.88994527e-01, 6.68458462e-01, 6.57128394e-01,
       6.99297905e-01, 6.97504044e-01, 7.60013461e-01, 7.86299109e-01,
       8.08193386e-01, 8.18051219e-01, 7.65764058e-01, 5.84657371e-01,
       6.04890406e-01, 7.31688917e-01, 7.71399558e-01, 5.78164935e-01,
       7.36435711e-01, 6.79800808e-01, 7.04855144e-01, 7.00010478e-01,
       6.84677958e-01, 6.74188375e-01, 6.28750503e-01, 6.15046203e-01,
       5.79608083e-01, 5.92392743e-01, 6.23797119e-01, 6.38752639e-01,
       6.29207015e-01, 6.53942704e-01, 6.82932973e-01, 7.50740707e-01,
       8.22567701e-01, 9.53189552e-01, 8.83411467e-01, 8.68920207e-01,
       7.89919913e-01, 7.51460433e-01, 7.63050914e-01, 7.09609330e-01,
       6.95262790e-01, 1.04497480e+00, 5.28991163e-01, 4.90901917e-01,
       4.40129369e-01, 4.58235085e-01, 4.75504130e-01, 5.27310312e-01,
       5.55037737e-01, 5.74596584e-01, 5.99766076e-01, 6.85555577e-01,
       7.25717843e-01 ]
extrinsic_parameters: !!opencv-matrix
   rows: 132
   cols: 6
   dt: d
   data: [ -9.0856651460448676e-02, 1.4035401581138396e+00,
       2.7350032678082541e+00, 6.7012383672247694e+01,
       5.2336372251370989e+01, 4.2822118570380502e+02,
       -7.3271602889123544e-01, 6.9284728524508210e-01,
       1.3643402740496067e+00, 3.3959370626948584e+01,
       -1.8920423405674036e+01, 5.2079070013591866e+02,
       -7.6614816382586937e-01, 6.1987259332574451e-01,
       1.2226397715233608e+00, 2.1803545790097953e+01,
       -2.2489395652654775e+01, 5.2509828410346142e+02,
       -7.9574327963674252e-01, 5.4600700364801957e-01,
       1.0797311093373616e+00, 8.8471401601196558e+00,
       -2.4872086538906082e+01, 5.2788679462783523e+02,
       -8.2097412051743357e-01, 4.7234858311426725e-01,
       9.3641082909360207e-01, -4.5002904836217157e+00,
       -2.5997835250464384e+01, 5.2896071973760695e+02,
       -8.4167327830896688e-01, 3.9814916773706149e-01,
       7.9256868868935715e-01, -1.7976800526186736e+01,
       -2.5877813606398874e+01, 5.2846051464309119e+02,
       -8.5888482244282049e-01, 3.2452394425076203e-01,
       6.4892940253981879e-01, -3.1135114581941600e+01,
       -2.4438901375785900e+01, 5.2619105446811545e+02,
       -8.7198783366900023e-01, 2.4996036167732966e-01,
       5.0410544840618787e-01, -4.3824623186884075e+01,
       -2.1772321477627909e+01, 5.2238904757098055e+02,
       -8.8132270428226722e-01, 1.7573840626413881e-01,
       3.5977376911561704e-01, -5.5565370117717443e+01,
       -1.7925688551741651e+01, 5.1702586594615593e+02,
       -8.8658444545703230e-01, 1.0165067187865302e-01,
       2.1557022435464787e-01, -6.6122968154571439e+01,
       -1.3015411465951084e+01, 5.1030675143151683e+02,
       -8.8845096924613809e-01, 2.8172757679068978e-02,
       7.2130855865832788e-02, -7.5197065687642237e+01,
       -7.1632620857233622e+00, 5.0237729515278988e+02,
       -1.8641512537137325e-01, 1.3352640996428591e+00,
       2.6049343135282594e+00, 7.2650792540389702e+01,
       4.4961819717871727e+01, 4.3806746140613990e+02,
       -8.8649684120121863e-01, -4.6235359274860749e-02,
       -7.2068515929977983e-02, -8.2685354208890033e+01,
       -4.9279357155289150e-01, 4.9339021893990594e+02,
       -8.8094492763596377e-01, -1.2004825049335116e-01,
       -2.1640395489980466e-01, -8.8335870934288110e+01,
       6.8733657246806423e+00, 4.8367956496542627e+02,
       -8.7131511532287387e-01, -1.9407600079834589e-01,
       -3.6051022980044184e-01, -9.2000478443903006e+01,
       1.4670777468484079e+01, 4.7327876503888444e+02,
       -8.5791593628874130e-01, -2.6766619826525950e-01,
       -5.0440916059807606e-01, -9.3602783565586421e+01,
       2.2756377046104117e+01, 4.6269211960725039e+02,
       -7.3210055499258275e-01, -6.3385607015064438e-01,
       -1.2200548677842598e+00, -7.1043456095649390e+01,
       6.0430806578659528e+01, 4.1405028127668339e+02,
       -6.9425872504095476e-01, -7.0626943088977678e-01,
       -1.3618987954333068e+00, -6.1197134010312659e+01,
       6.6128988377697070e+01, 4.0694682974767454e+02,
       -2.7332635786545845e-01, 1.2668656333349222e+00,
       2.4730395497677393e+00, 7.6268496129966564e+01,
       3.7160424454444453e+01, 4.4834298195115014e+02,
       -6.5176344972220357e-01, -7.7842626338403587e-01,
       -1.5035203816101195e+00, -5.0004847340687299e+01,
       7.0846768693394850e+01, 4.0105901557522174e+02,
       -6.0473863064696931e-01, -8.5061032038296958e-01,
       -1.6437990100834923e+00, -3.7810998402008615e+01,
       7.4398104307760661e+01, 3.9653253230550683e+02,
       -5.5218881829956201e-01, -9.2189642081881518e-01,
       -1.7843336048366749e+00, -2.4809392321739626e+01,
       7.6832554822153838e+01, 3.9384320343507528e+02,
       -4.9439203711038415e-01, -9.9281870759431912e-01,
       -1.9232877838573343e+00, -1.1428873472835887e+01,
       7.7976061816215733e+01, 3.9264657629800507e+02,
       -4.3161576766963450e-01, -1.0627010672815977e+00,
       -2.0606955518728620e+00, 1.9908402536976562e+00,
       7.7834740853187313e+01, 3.9316140223779246e+02,
       -3.6280407790643882e-01, -1.1315636494675250e+00,
       -2.1961539659648794e+00, 1.5106697778934761e+01,
       7.6448469600405886e+01, 3.9534486663901953e+02,
       -2.8725576888759352e-01, -1.2001854810045181e+00,
       -2.3310251981105452e+00, 2.7758269199920406e+01,
       7.3791439526582110e+01, 3.9908928237978080e+02,
       -2.0462424508124882e-01, -1.2675188160630475e+00,
       -2.4640636308530124e+00, 3.9516081472634092e+01,
       6.9989919462879968e+01, 4.0441770128839659e+02,
       -1.1440870809707415e-01, -1.3337456400916956e+00,
       -2.5950939142948068e+00, 5.0119766831752244e+01,
