%YAML:1.0
---
image_width: 1024
image_height: 768
camera_matrix: !!opencv-matrix
   rows: 3
   cols: 3
   dt: d
   data: [ 2.3522188070453594e+03, 0., 512., 0., 2.3845731931218147e+03,
       384., 0., 0., 1. ]
RT_matrix: !!opencv-matrix
   rows: 4
   cols: 4
   dt: d
   data: [ 9.9999999999606826e-01, -1.2520697015888958e-12,
       -1.9828411908171920e-06, 9.9142109623647680e-07,
       1.2386761857098037e-06, -7.8086881400798080e-01,
       6.2469485120397594e-01, 1.0000120424880917e-07,
       -1.5483457278496368e-06, -6.2469485120643209e-01,
       -7.8086881400491048e-01, 6.4031234748502819e-01, 0., 0., 0., 1. ]
